2 1 868 2561 572 557 -1 -1 -1 -1 
3 1 870 2562 564 559 -1 -1 -1 -1 
4 1 865 2565 566 559 -1 -1 -1 -1 
5 1 861 2568 569 558 -1 -1 -1 -1 
6 1 861 2570 567 556 -1 -1 -1 -1 
7 1 860 2570 568 554 -1 -1 -1 -1 
8 1 862 2567 566 556 -1 -1 -1 -1 
9 1 862 2564 567 559 -1 -1 -1 -1 
10 1 864 2560 566 559 -1 -1 -1 -1 
11 1 864 2556 569 560 -1 -1 -1 -1 
12 1 870 2551 563 562 -1 -1 -1 -1 
13 1 870 2545 565 563 -1 -1 -1 -1 
14 1 868 2540 566 563 -1 -1 -1 -1 
15 1 868 2534 565 566 -1 -1 -1 -1 
16 1 864 2529 568 568 -1 -1 -1 -1 
17 1 860 2524 569 568 -1 -1 -1 -1 
18 1 850 2521 576 563 -1 -1 -1 -1 
19 1 843 2519 574 557 -1 -1 -1 -1 
20 1 838 2513 571 557 -1 -1 -1 -1 
21 1 831 2508 572 558 -1 -1 -1 -1 
22 1 822 2502 570 561 -1 -1 -1 -1 
23 1 809 2496 575 563 -1 -1 -1 -1 
24 1 802 2490 570 565 -1 -1 -1 -1 
25 1 795 2488 572 564 -1 -1 -1 -1 
26 1 786 2485 570 566 -1 -1 -1 -1 
27 1 776 2482 568 567 -1 -1 -1 -1 
28 1 764 2479 566 567 -1 -1 -1 -1 
29 1 749 2478 571 566 -1 -1 -1 -1 
30 1 738 2478 567 569 -1 -1 -1 -1 
31 1 723 2480 570 565 -1 -1 -1 -1 
32 1 708 2479 569 566 -1 -1 -1 -1 
33 1 697 2480 567 566 -1 -1 -1 -1 
34 1 683 2477 569 571 -1 -1 -1 -1 
35 1 669 2475 569 570 -1 -1 -1 -1 
36 1 655 2474 567 570 -1 -1 -1 -1 
37 1 639 2476 571 568 -1 -1 -1 -1 
38 1 625 2478 571 565 -1 -1 -1 -1 
39 1 611 2478 571 566 -1 -1 -1 -1 
40 1 601 2479 567 564 -1 -1 -1 -1 
41 1 589 2479 565 565 -1 -1 -1 -1 
42 1 571 2478 582 543 -1 -1 -1 -1 
48 7 1201 1418 341 309 -1 -1 -1 -1 
49 7 1260 1331 305 292 -1 -1 -1 -1 
50 7 1314 1271 270 270 -1 -1 -1 -1 
51 7 1351 1227 254 247 -1 -1 -1 -1 
52 7 1381 1196 237 229 -1 -1 -1 -1 
53 7 1409 1177 223 217 -1 -1 -1 -1 
54 7 1433 1160 208 207 -1 -1 -1 -1 
55 7 1452 1152 200 191 -1 -1 -1 -1 
56 7 1470 1152 184 182 -1 -1 -1 -1 
57 7 1484 1158 176 168 -1 -1 -1 -1 
58 7 1497 1166 160 163 -1 -1 -1 -1 
59 7 1498 1178 158 161 -1 -1 -1 -1 
60 7 1496 1198 159 149 -1 -1 -1 -1 
61 7 1493 1216 147 144 -1 -1 -1 -1 
62 7 1489 1239 142 135 -1 -1 -1 -1 
63 7 1474 1256 146 129 -1 -1 -1 -1 
64 7 1471 1279 134 122 -1 -1 -1 -1 
70 7 1321 1361 123 117 -1 -1 -1 -1 
73 1 788 1369 1155 633 -1 -1 -1 -1 
74 1 797 1319 1182 637 -1 -1 -1 -1 
78 10 1588 1787 149 156 -1 -1 -1 -1 
79 10 1616 1727 148 129 -1 -1 -1 -1 
80 10 1659 1662 131 138 -1 -1 -1 -1 
81 10 1689 1605 141 137 -1 -1 -1 -1 
82 10 1728 1552 136 135 -1 -1 -1 -1 
83 10 1767 1499 128 134 -1 -1 -1 -1 
84 10 1805 1451 126 137 -1 -1 -1 -1 
85 10 1837 1398 144 138 -1 -1 -1 -1 
86 10 1880 1357 144 132 -1 -1 -1 -1 
87 10 1926 1318 131 125 -1 -1 -1 -1 
88 10 1960 1277 143 131 -1 -1 -1 -1 
89 10 2007 1243 131 132 -1 -1 -1 -1 
90 10 2049 1209 110 131 -1 -1 -1 -1 
91 10 2083 1180 76 136 -1 -1 -1 -1 
92 10 2116 1159 43 128 -1 -1 -1 -1 
